Minima=0.00011985957997620726
Media=580181.849155442
Maxima=1321105.2137817016
Desviación Estandar=878071.4542475292
