Minima=2.4201883340563853e-05
Media=580181.8504657203
Maxima=1321105.2137817016
Desviación Estandar=878071.4543238737
