Minima=0.0006836648331840919
Media=580181.8484672784
Maxima=1321105.2137817016
Desviación Estandar=878071.453863973
