Minima=0.0006458460298959049
Media=580181.8525274289
Maxima=1321105.2137817016
Desviación Estandar=878071.4540917367
