Minima=3.27430648526726e-09
Media=8864328226.706776
Maxima=26084665358.648388
Desviación Estandar=13013547870.133003
