Minima=0.0007614962790918443
Media=580181.8505584123
Maxima=1321105.2137817016
Desviación Estandar=878071.4533055415
