Minima=1.1144688139380287e-09
Media=8864328226.901611
Maxima=26084665358.648388
Desviación Estandar=13013547870.12945
