Minima=6.026173595744871e-05
Media=580181.8539234228
Maxima=1321105.2137817016
Desviación Estandar=878071.4542519855
