Minima=7.883536956854676e-05
Media=580181.8504838675
Maxima=1321105.2137817016
Desviación Estandar=878071.4543411948
