Minima=8.667944362281778e-10
Media=8864328226.834457
Maxima=26084665358.648388
Desviación Estandar=13013547870.131397
