Minima=0.0013531767993960678
Media=580181.851427242
Maxima=1321105.2137817016
Desviación Estandar=878071.4533637183
