Minima=3.978458669395269e-10
Media=8864328226.680418
Maxima=26084665358.648388
Desviación Estandar=13013547870.136192
