Minima=1.2925412015873705e-09
Media=8864328226.697355
Maxima=26084665358.648388
Desviación Estandar=13013547870.136404
