Minima=6.517972803173887e-06
Media=8864328226.697653
Maxima=26084665358.648388
Desviación Estandar=13013547870.131464
