Minima=5.123519718049607e-05
Media=580181.8536724877
Maxima=1321105.2137817016
Desviación Estandar=878071.4539923402
