Minima=1.3202689101880935e-08
Media=8864328226.805185
Maxima=26084665358.648388
Desviación Estandar=13013547870.133345
