Minima=0.00041597798600379537
Media=8864328226.66448
Maxima=22750382403.481377
Desviación Estandar=13013547870.1297
