Minima=0.00019409415245177992
Media=580181.851974294
Maxima=1321105.2137817016
Desviación Estandar=878071.4539202246
