Minima=0.0009618162763422417
Media=580181.8532225969
Maxima=1321105.2137817016
Desviación Estandar=878071.4521799185
