Minima=0.0010539729504360803
Media=580181.8540922753
Maxima=0.001964637120585839
Desviación Estandar=878071.4536725235
