Minima=1.7692984992541974e-08
Media=8864328226.712055
Maxima=26084665358.648388
Desviación Estandar=13013547870.136465
