Minima=7.603594540981601e-05
Media=580181.8508678682
Maxima=1321105.2137817016
Desviación Estandar=878071.4541162846
