Minima=6.207498844250675e-05
Media=580181.8525882321
Maxima=1321105.2137817016
Desviación Estandar=878071.4540867403
