Minima=1.3010984250008053e-05
Media=8864328226.640799
Maxima=26084665358.648388
Desviación Estandar=13013547870.137445
