Minima=1.3379755098942402e-09
Media=8864328227.001944
Maxima=26084665358.648388
Desviación Estandar=13013547870.12632
