Minima=2.735962294276637e-10
Media=8864328226.639233
Maxima=26084665358.648388
Desviación Estandar=13013547870.137016
