Minima=0.0011357401331336821
Media=580181.853065168
Maxima=1321105.2137817016
Desviación Estandar=878071.4533823123
