Minima=1.6150044838209133e-10
Media=8864328226.626062
Maxima=26084665358.648388
Desviación Estandar=13013547870.13746
