Minima=8.710194364647628e-09
Media=8864328226.651148
Maxima=26084665358.648388
Desviación Estandar=13013547870.135727
