Minima=5.377962145290155e-10
Media=8864328226.66813
Maxima=26084665358.648388
Desviación Estandar=13013547870.13624
