Minima=0.0013407716835085383
Media=580181.8529216509
Maxima=1321105.2137817016
Desviación Estandar=878071.4529937978
