Minima=5.728990102833053e-07
Media=8864328226.738394
Maxima=26084665358.648388
Desviación Estandar=13013547870.1336
