Minima=2.3306353407633306e-10
Media=8864328226.621643
Maxima=26084665358.648388
Desviación Estandar=13013547870.136309
