Minima=0.0007568390784673816
Media=580181.8495695748
Maxima=1321105.2137817016
Desviación Estandar=878071.4538905149
