Minima=0.001275655666209433
Media=580181.8621106187
Maxima=1321105.2137817016
Desviación Estandar=878071.4516309911
