Minima=8.229939112133055e-05
Media=580181.8498576548
Maxima=1321105.2137817016
Desviación Estandar=878071.4540776641
