Minima=3.751485033386185e-10
Media=8864328226.667181
Maxima=26084665358.648388
Desviación Estandar=13013547870.136219
