Minima=0.0001863355530388119
Media=580181.8481200598
Maxima=1321105.2137817016
Desviación Estandar=878071.4543659972
