Minima=5.467884894691899e-10
Media=8864328226.688494
Maxima=26084665358.648388
Desviación Estandar=13013547870.134243
