Minima=5.549161621328752e-10
Media=8864328226.756506
Maxima=26084665358.648388
Desviación Estandar=13013547870.129702
