Minima=1.8483935515231747e-09
Media=16094.54018558234
Maxima=57002.60510340996
Desviación Estandar=20113.581496006398
