Minima=0.003877187596910736
Media=109.06016418002741
Maxima=235.2131156396594
Desviación Estandar=128.1682681936539
