Minima=7.666239068948252e-10
Media=16094.574876741965
Maxima=57002.60510340996
Desviación Estandar=20113.582045748233
