Minima=4.505957168017687e-07
Media=16094.548799708928
Maxima=57002.60510340996
Desviación Estandar=20113.58048788575
