Minima=0.003459216008987059
Media=16094.571846219029
Maxima=57002.60510340996
Desviación Estandar=20113.574941164
