Minima=0.005820808270179859
Media=109.06324417663856
Maxima=235.2131156396594
Desviación Estandar=128.16676652237453
