Minima=0.0018135208754654088
Media=16094.562740888772
Maxima=57002.60510340996
Desviación Estandar=20113.577374587294
