Minima=1.2650233458687172e-05
Media=16094.548493669374
Maxima=57002.60510340996
Desviación Estandar=20113.582307052024
