Minima=0.001901741304970024
Media=109.05910793480284
Maxima=235.2131156396594
Desviación Estandar=128.16917476347265
