Minima=6.922728422074537e-07
Media=16094.537259619308
Maxima=57002.60510340996
Desviación Estandar=20113.583369771717
