Minima=2.0039446351543006e-05
Media=16094.583801603978
Maxima=57002.60510340996
Desviación Estandar=20113.57986252058
