Minima=0.17223714210280966
Media=16094.722179216964
Maxima=0.23563924041163906
Desviación Estandar=20113.463218550427
