Minima=0.00391400350071978
Media=109.05944164265642
Maxima=235.2131156396594
Desviación Estandar=128.16840624932323
