Minima=0.0052949378048388245
Media=109.06220853706803
Maxima=235.2131156396594
Desviación Estandar=128.16725340199565
