Minima=0.004612562251445793
Media=109.06015820612646
Maxima=235.2131156396594
Desviación Estandar=128.16786020532848
