Minima=0.0087035581792768
Media=109.06382877997189
Maxima=0.01633929803160677
Desviación Estandar=128.1648846948314
