Minima=4.85402062078283e-05
Media=16094.55625494496
Maxima=57002.60510340996
Desviación Estandar=20113.573952203013
