Minima=4.792358393189448e-07
Media=16094.531417635222
Maxima=57002.60510340996
Desviación Estandar=20113.58326331783
