Minima=0.004083857034356036
Media=109.06039529525881
Maxima=235.2131156396594
Desviación Estandar=128.1682616607532
