Minima=0.009804708131732414
Media=109.0643299205759
Maxima=235.2131156396594
Desviación Estandar=128.16388475213063
