Minima=5.139498374607743e-07
Media=16094.563278533742
Maxima=57002.60510340996
Desviación Estandar=20113.58158977527
