Minima=2.3222581081336868e-07
Media=16094.544850029104
Maxima=57002.60510340996
Desviación Estandar=20113.5820899396
