Minima=0.004061035218528661
Media=109.06015186232273
Maxima=235.2131156396594
Desviación Estandar=128.16830288040157
