Minima=0.0038556467781489644
Media=109.06034723877423
Maxima=235.2131156396594
Desviación Estandar=128.16843907262623
