Minima=0.00512535283048
Media=109.06319850827089
Maxima=235.2131156396594
Desviación Estandar=128.16743543304418
