Minima=1.785087317934531e-05
Media=16094.522142294487
Maxima=57002.60510340996
Desviación Estandar=20113.581844331173
