Minima=0.012069129193701305
Media=109.06991019850443
Maxima=235.2131156396594
Desviación Estandar=128.16201168062716
