Minima=0.004727340586076065
Media=109.06055575248398
Maxima=235.2131156396594
Desviación Estandar=128.1677134608485
