Minima=0.0038889960580601995
Media=109.06193269434917
Maxima=235.2131156396594
Desviación Estandar=128.1679412614529
