Minima=8.138593928436283e-07
Media=16094.567805703686
Maxima=57002.60510340996
Desviación Estandar=20113.58002650679
