Minima=5.202809603656205e-09
Media=16094.551890243383
Maxima=57002.60510340996
Desviación Estandar=20113.579056488
