Minima=0.004109397033788275
Media=109.05995598055648
Maxima=235.2131156396594
Desviación Estandar=128.16817538320728
