Minima=0.004217521474657336
Media=109.06155134859874
Maxima=235.2131156396594
Desviación Estandar=128.16800616344585
