Minima=0.0041763222033808015
Media=109.06018629893694
Maxima=235.2131156396594
Desviación Estandar=128.16817010326707
