Minima=0.004395408180989781
Media=109.05948000098739
Maxima=235.2131156396594
Desviación Estandar=128.16803189601197
