Minima=0.0029087708074557665
Media=109.0593296924791
Maxima=235.2131156396594
Desviación Estandar=128.16904768911027
