Minima=0.0010038137918804908
Media=16094.556005757047
Maxima=57002.60510340996
Desviación Estandar=20113.57840548236
