Minima=0.0053557015493631375
Media=16094.780179874631
Maxima=57002.60510340996
Desviación Estandar=20113.56548781866
