Minima=2.990707490989328e-07
Media=16094.526313011833
Maxima=57002.60510340996
Desviación Estandar=20113.581565450808
