Minima=1.2143533605874593e-08
Media=16094.74062602161
Maxima=57002.60510340996
Desviación Estandar=20113.57223074986
