Minima=-0.0009527825097424569
Media=0.022772116470473135
Maxima=314.28629863754713
Desviación Estandar=172.68387050416152
