Minima=-0.0012141577317745728
Media=0.02892881040368877
Maxima=158.9269048889322
Desviación Estandar=172.68376365595412
