Minima=-0.000954194759118812
Media=0.025102506180342724
Maxima=8.091032313928508
Desviación Estandar=172.68373588345986
