Minima=-0.0013282176610285043
Media=0.02222219808272923
Maxima=51.15404327904483
Desviación Estandar=172.68364340197857
