Minima=-0.001470217541913774
Media=0.028497805427065308
Maxima=8.091032313928508
Desviación Estandar=172.68381939324942
