Minima=-0.05740577645558342
Media=15.314427731940025
Maxima=79.03642687991771
Desviación Estandar=45.972248186526464
