Minima=-0.0008166858520009846
Media=0.026295364357471224
Maxima=8.091032313928508
Desviación Estandar=172.68351625187935
