Minima=-0.0011914984832490977
Media=0.027260076340041225
Maxima=314.28629863754713
Desviación Estandar=172.68369397037597
