Minima=-0.1163951832511408
Media=15.251205034797996
Maxima=79.03642687991771
Desviación Estandar=46.00198375705381
