Minima=-0.0013847656198366677
Media=0.023726459281441792
Maxima=722.6516175746044
Desviación Estandar=172.68342991850093
