Minima=-6.633805866686615
Media=0.01518857524612766
Maxima=85.75003807133814
Desviación Estandar=172.70878594425795
