Minima=-0.020595703486399115
Media=15.234316464311819
Maxima=-0.020595703486399115
Desviación Estandar=45.960169731910746
