Minima=-0.0863966370375318
Media=15.35826019524911
Maxima=79.03642687991771
Desviación Estandar=45.9835898533078
