Minima=-0.043312755863373985
Media=15.276708448365504
Maxima=79.03642687991771
Desviación Estandar=45.968448194469694
