Minima=-0.0012414561386670036
Media=0.028064346459164096
Maxima=159.83495429967803
Desviación Estandar=172.68371201753678
