Minima=-0.001450555101980369
Media=0.029358112976604983
Maxima=0.7420628934420961
Desviación Estandar=172.68377181296682
