Minima=-0.0010798044606219507
Media=0.026641614749775687
Maxima=8.091032313928508
Desviación Estandar=172.68363655564545
