Minima=-0.06017829802144496
Media=15.319114435002685
Maxima=79.03642687991771
Desviación Estandar=45.97683467473967
