Minima=-0.05918316354878732
Media=15.325769134173493
Maxima=79.03642687991771
Desviación Estandar=45.97606693805694
