Minima=-0.001061051144795023
Media=0.02629607799646406
Maxima=8.091032313928508
Desviación Estandar=172.6837356580123
