Minima=-0.03819483452997041
Media=15.267044658873482
Maxima=79.03642687991771
Desviación Estandar=45.966809473582096
