Minima=-0.08976169207542857
Media=15.403924599383512
Maxima=79.03642687991771
Desviación Estandar=45.98429504624991
