Minima=-0.023524501224509924
Media=15.260738129831832
Maxima=79.03642687991771
Desviación Estandar=45.95817104139212
