Minima=-0.0012282027930505593
Media=0.027692083422716826
Maxima=158.9269048889322
Desviación Estandar=172.68384248981732
