Minima=-0.08803645390687112
Media=15.143813369009173
Maxima=79.03642687991771
Desviación Estandar=45.99056768344714
