Minima=-0.0012734029676327897
Media=0.02269274575096583
Maxima=555.3192844481657
Desviación Estandar=172.6837892065525
