Minima=-0.1884510590243421
Media=15.633156876008972
Maxima=79.03642687991771
Desviación Estandar=46.01238988236212
