Minima=-0.0011931510514039017
Media=0.027884078960499582
Maxima=8.091032313928508
Desviación Estandar=172.6833635041115
