Minima=-0.0011697557324844346
Media=0.027213617621313156
Maxima=145.75168881610728
Desviación Estandar=172.6835743300031
