Minima=-0.05786394283048662
Media=15.315469982602005
Maxima=79.03642687991771
Desviación Estandar=45.97532438853454
