Minima=-0.0010274580339106247
Media=0.021929219587410037
Maxima=145.75168881610728
Desviación Estandar=172.68363355722073
