Minima=-0.16523092763552813
Media=15.374253145271032
Maxima=79.03642687991771
Desviación Estandar=46.01863318919797
