Minima=-0.03305766348868877
Media=15.260922131876754
Maxima=79.03642687991771
Desviación Estandar=45.96221531366232
