Minima=-0.19098254529748457
Media=15.092340323313866
Maxima=79.03642687991771
Desviación Estandar=46.036074017562285
