Minima=-0.12374927129957884
Media=15.31310562315264
Maxima=79.03642687991771
Desviación Estandar=46.00284141398527
