Minima=-0.019908222214801517
Media=15.23585780836449
Maxima=79.03642687991771
Desviación Estandar=45.95866396601644
