Minima=-0.11250971301869993
Media=15.259446064966557
Maxima=79.03642687991771
Desviación Estandar=46.0002578500926
