Minima=-0.0009800821720394738
Media=0.02459615117019519
Maxima=158.9269048889322
Desviación Estandar=172.68372525592352
