Minima=-0.0012213660238274422
Media=0.02675352084361641
Maxima=6.547341362702653
Desviación Estandar=172.68382902741445
