Minima=-0.2652118456800658
Media=15.814443102525475
Maxima=79.03642687991771
Desviación Estandar=46.05640754760219
