Minima=0.00044095792300969327
Media=10.881714947488453
Maxima=22.204017363896916
Desviación Estandar=11.138423486135483
