Minima=-0.0645986690055883
Media=10.848904038266422
Maxima=22.658669104837937
Desviación Estandar=11.13350116431672
