Minima=-0.00317173630243945
Media=10.88115915910901
Maxima=22.204017363896916
Desviación Estandar=11.139931966022425
