Minima=-0.06512853966650484
Media=10.855164455102123
Maxima=22.658669104837937
Desviación Estandar=11.123370398209524
