Minima=-0.00011639330797459604
Media=10.881423370526955
Maxima=22.204017363896916
Desviación Estandar=11.138778021601452
