Minima=-0.00248429347708873
Media=10.88127007498278
Maxima=22.204017363896916
Desviación Estandar=11.139572239879284
