Minima=-0.05580897468825534
Media=10.855710403515229
Maxima=22.658669104837937
Desviación Estandar=11.121025088845828
