Minima=-0.000917520473305299
Media=10.88140416242373
Maxima=22.204017363896916
Desviación Estandar=11.139013181985367
