Minima=-0.106874997151062
Media=10.854922019202903
Maxima=22.658669104837937
Desviación Estandar=11.145532870207594
