Minima=-0.0028016145456385096
Media=10.88127142860756
Maxima=22.204017363896916
Desviación Estandar=11.139679958083724
