Minima=0.0003302118316731246
Media=10.881587586254952
Maxima=22.204017363896916
Desviación Estandar=11.138508519889756
