Minima=-0.09324682495920383
Media=10.850137807952708
Maxima=22.658669104837937
Desviación Estandar=11.139983066425458
