Minima=-0.06450256891191723
Media=10.852885319692195
Maxima=22.658669104837937
Desviación Estandar=11.125781380603314
