Minima=-0.0034365235029594284
Media=10.88145251640039
Maxima=22.204017363896916
Desviación Estandar=11.139553345826082
