Minima=-0.04898838741840341
Media=10.851005611722798
Maxima=22.658669104837937
Desviación Estandar=11.119411180239121
