Minima=0.003150131918606259
Media=10.864978864377921
Maxima=0.027577449521675002
Desviación Estandar=11.09422880512273
