Minima=-0.06317590569135985
Media=10.851670635607537
Maxima=22.658669104837937
Desviación Estandar=11.121457645847412
