Minima=0.0026713416749399137
Media=10.862854229677147
Maxima=22.658669104837937
Desviación Estandar=11.096027552490565
