Minima=-0.0026484062187296037
Media=10.881153281819799
Maxima=22.204017363896916
Desviación Estandar=11.139751272196754
