Minima=-0.0015609536255206836
Media=10.88126381668776
Maxima=22.204017363896916
Desviación Estandar=11.139201563438363
