Minima=-0.002116788850989925
Media=10.88108884260753
Maxima=22.204017363896916
Desviación Estandar=11.13953764240968
