Minima=-0.001757705769004426
Media=10.8813280452599
Maxima=22.204017363896916
Desviación Estandar=11.13921055902183
