Minima=-0.0182720066209164
Media=10.866166624053806
Maxima=22.658669104837937
Desviación Estandar=11.099595982345503
