Minima=-0.03675328951402708
Media=10.851921699544032
Maxima=22.658669104837937
Desviación Estandar=11.118399537563223
