Minima=-0.05736536797634693
Media=10.85149139249415
Maxima=22.658669104837937
Desviación Estandar=11.126296126901511
