Minima=-0.0024481276073021283
Media=10.88120220187446
Maxima=22.204017363896916
Desviación Estandar=11.139528993477997
