Minima=-0.0019481536468497161
Media=10.881425514456346
Maxima=22.204017363896916
Desviación Estandar=11.139187529039578
