Minima=-0.04993492385458639
Media=10.853501553239212
Maxima=22.658669104837937
Desviación Estandar=11.118624537686168
