Minima=-0.036393648721180144
Media=10.851185748635595
Maxima=22.658669104837937
Desviación Estandar=11.116812461372739
