Minima=-0.0031490104713199755
Media=10.8813210761893
Maxima=22.204017363896916
Desviación Estandar=11.139661185300367
