Minima=-0.0009477281054672891
Media=10.881467897380823
Maxima=22.204017363896916
Desviación Estandar=11.139001559186243
