Minima=-0.025240127372098232
Media=10.873817525793353
Maxima=22.658669104837937
Desviación Estandar=11.087279701666343
