Minima=-0.018662175062710756
Media=10.866557939822293
Maxima=22.658669104837937
Desviación Estandar=11.09988186648005
