Minima=-0.001825607923125006
Media=10.881401083204928
Maxima=22.204017363896916
Desviación Estandar=11.139152048484618
