Minima=-0.07916981480469525
Media=10.85394905789545
Maxima=22.658669104837937
Desviación Estandar=11.136974783134061
