Minima=-0.0018300856235360236
Media=10.881360096626437
Maxima=22.204017363896916
Desviación Estandar=11.139199368070367
