Minima=-0.06979990394080704
Media=10.845381673261237
Maxima=22.658669104837937
Desviación Estandar=11.135869094782901
