Minima=-0.042855036831949266
Media=10.851179219079052
Maxima=22.658669104837937
Desviación Estandar=11.122104621002357
