Minima=0.0011142833743145867
Media=10.881775063329597
Maxima=0.00207233857703679
Desviación Estandar=11.138195662798797
