Minima=-0.002284020066517391
Media=10.881307289456636
Maxima=22.204017363896916
Desviación Estandar=11.139356645125781
